[problem]
robot = /home/skinny-lattice/skinny-lattice/dae/scaled_plus2_0.6667.dae
world = /home/skinny-lattice/skinny-lattice/dae/lattice-room.dae
objective = length
objective.threshold = 10000.0
start.x = -1.0
start.y = 0.0
start.z = 0.0
start.theta = 1.5707963267948966
goal.x = 4.0
goal.y = 0.0
goal.z = 0.0
goal.theta = 1.5707963267948966
volume.min.x = -3.3499999046325684
volume.min.y = -1.850000023841858
volume.min.z = -1.600000023841858
volume.max.x = 3.3499999046325684
volume.max.y = 1.850000023841858
volume.max.z = 1.600000023841858

